Input number of columns
Input number of columns
Input number of rings
Input Finish position

12
4
1 4
1 2
1 3
2 3
4 3
1 2
1 4
2 4
1 2
4 1
4 2
1 2
1 4
2 4
2 1
4 1
2 4
1 2
1 4
2 4
1 2
4 1
4 2
1 2
4 1
2 4
2 1
4 1
4 2
1 2
1 4
2 4
1 2
4 1
4 2
1 2
1 4
2 4
2 1
4 1
2 4
1 2
1 4
2 4
2 1
4 1
4 2
1 2
4 1
2 4
2 1
4 1
2 4
1 2
1 4
2 4
1 2
4 1
4 2
1 2
1 4
2 4
2 1
4 1
2 4
1 2
1 4
2 4
1 2
4 1
4 2
1 2
4 1
2 4
2 1
4 1
4 2
1 2
1 4
2 4
1 2
4 1
4 2
1 2
4 1
2 4
2 1
4 1
2 4
1 2
1 4
2 4
2 1
4 1
4 2
1 2
4 1
2 4
2 1
4 1
4 2
1 2
1 4
2 4
1 2
4 1
4 2
1 2
1 4
2 4
2 1
4 1
2 4
1 2
1 4
2 4
1 2
4 1
4 2
1 2
4 1
2 4
2 1
4 1
4 2
1 2
1 4
2 4
1 2
4 1
4 2
1 2
1 4
2 4
2 1
4 1
2 4
1 2
1 4
2 4
2 1
4 1
4 2
1 2
4 1
2 4
2 1
4 1
2 4
1 2
1 4
2 4
1 2
4 1
4 2
1 2
1 4
2 4
2 1
4 1
2 4
1 2
1 4
2 4
2 1
4 1
4 2
1 2
4 1
2 4
2 1
4 1
4 2
1 2
1 4
2 4
1 2
4 1
4 2
1 2
4 1
2 4
2 1
4 1
2 4
1 2
1 4
2 4
2 1
4 1
4 2
1 2
4 1
2 4
2 1
4 1
2 4
1 2
1 4
2 4
1 2
4 1
4 2
1 2
1 4
2 4
2 1
4 1
2 4
1 2
1 4
2 4
1 2
4 1
4 2
1 2
4 1
2 4
2 1
4 1
4 2
1 2
1 4
2 4
1 2
4 1
4 2
1 2
1 4
2 4
2 1
4 1
2 4
1 2
1 4
2 4
2 1
4 1
4 2
1 2
4 1
2 4
2 1
4 1
2 4
1 2
1 4
2 4
1 2
4 1
4 2
1 2
1 4
2 4
2 1
4 1
2 4
1 2
1 4
2 4
1 2
4 1
4 2
1 2
4 1
2 4
2 1
4 1
4 2
1 2
1 4
2 4
1 2
4 1
4 2
1 2
4 1
2 4
2 1
4 1
2 4
1 2
1 4
2 4
2 1
4 1
4 2
1 2
4 1
2 4
2 1
4 1
4 2
1 2
1 4
2 4
1 2
4 1
4 2
1 2
1 4
2 4
2 1
4 1
2 4
1 2
1 4
2 4
1 2
4 1
4 2
1 2
4 1
2 4
2 1
4 1
4 2
1 2
1 4
2 4
1 2
4 1
4 2
1 2
4 1
2 4
2 1
4 1
2 4
1 2
1 4
2 4
2 1
4 1
4 2
1 2
4 1
2 4
2 1
4 1
2 4
1 2
1 4
2 4
1 2
4 1
4 2
1 2
1 4
2 4
2 1
4 1
2 4
1 2
1 4
2 4
2 1
4 1
4 2
1 2
4 1
2 4
2 1
4 1
4 2
1 2
1 4
2 4
1 2
4 1
4 2
1 2
4 1
2 4
2 1
4 1
2 4
1 2
1 4
2 4
2 1
4 1
4 2
1 2
4 1
2 4
2 1
4 1
4 2
1 2
1 4
2 4
1 2
4 1
4 2
1 2
1 4
2 4
2 1
4 1
2 4
1 2
1 4
2 4
1 2
4 1
4 2
1 2
4 1
2 4
2 1
4 1
4 2
1 2
1 4
2 4
1 2
4 1
4 2
1 2
1 4
2 4
2 1
4 1
2 4
1 2
1 4
2 4
2 1
4 1
4 2
1 2
4 1
2 4
2 1
4 1
2 4
1 2
1 4
2 4
1 2
4 1
4 2
1 2
1 4
2 4
2 1
4 1
2 4
1 2
1 4
2 4
1 2
4 1
4 2
1 2
4 1
2 4
2 1
4 1
4 2
1 2
1 4
2 4
1 2
4 1
4 2
1 2
4 1
2 4
2 1
4 1
2 4
1 2
1 4
2 4
2 1
4 1
4 2
1 2
4 1
2 4
2 1
4 1
4 2
1 2
1 4
2 4
1 2
4 1
4 2
1 2
1 4
2 4
2 1
4 1
2 4
1 2
1 4
2 4
1 2
4 1
4 2
1 2
4 1
2 4
2 1
4 1
4 2
1 2
1 4
2 4
1 2
4 1
4 2
1 2
3 4
3 1
3 2
1 2
4 2
