   4         7          25
   4         8          41
   4         9          73
   4         10          137
   4         11          265
   4         12          521
   4         13          1033
   4         14          2057
   4         15          4105
   4         16          8201
   4         17          16393
   4         18          32777
   4         19          65545
   4         20          131081
   4         21          262153
   4         22          524297
   4         23          1048585
   4         24          2097161
   4         25          4194313
   4         26          8388617
   4         27          16777225
   4         28          33554441
   4         29          67108873
   4         30          134217737
   5         7          24
   5         8          25
   5         9          27
   5         10          31
   5         11          39
   5         12          55
   5         13          87
   5         14          151
   5         15          279
   5         16          535
   5         17          1047
   5         18          2071
   5         19          4119
   5         20          8215
   5         21          16407
   5         22          32791
   5         23          65559
   5         24          131095
   5         25          262167
   5         26          524311
   5         27          1048599
   5         28          2097175
   5         29          4194327
   5         30          8388631
